32,2992,43,-350,371,-26,-942,767,72,84,125,1
32,2931,26,-332,372,-27,-942,738,83,90,134,-1
32,2913,26,-350,370,-25,-953,752,82,99,137,6
32,3071,0,-306,371,-26,-949,764,84,93,141,0
3232,3141,105,-297,372,-27,-947,727,88,87,128,-1
32,2975,70,-315,370,-26,-949,741,83,88,129,-1
32,3045,61,-323,370,-26,-945,741,88,78,135,6
32,3062,87,-306,370,-26,-942,738,82,83,140,-1
32,3027,61,-315,371,-26,-949,740,79,83,132,4
32,3018,131,-323,371,-26,-950,732,96,79,136,4
32,3045,87,-332,372,-25,-946,760,80,85,122,3
32,3071,122,-288,371,-26,-949,736,87,80,136,6
32,2975,61,-306,371,-25,-944,748,81,82,128,9
32,3018,61,-341,372,-26,-945,748,85,86,135,0
32,3132,61,-323,370,-26,-950,745,79,89,139,2
32,3062,87,-332,370,-25,-950,765,67,98,128,7
32,3053,70,-323,372,-26,-947,744,81,89,132,6
32,3071,78,-315,372,-26,-945,747,76,94,140,2
32,3062,26,-306,373,-25,-947,760,96,88,139,0
32,2992,105,-297,370,-26,-945,754,85,93,140,8
32,2957,61,-341,372,-26,-943,752,73,93,129,2
32,2983,148,-341,370,-26,-951,725,88,81,131,-1
32,3053,105,-341,372,-25,-951,742,83,91,134,0
32,2992,61,-280,370,-26,-950,772,79,91,136,0
32,3036,78,-323,371,-26,-946,742,79,93,138,-1
32,3018,43,-315,370,-26,-950,753,76,89,136,-1
32,3001,87,-350,371,-26,-945,728,91,87,134,-1
32,3045,87,-332,372,-26,-944,743,85,88,134,4
32,3018,61,-288,372,-24,-950,744,93,77,140,6
32,3036,87,-315,372,-25,-948,740,80,93,129,-1
32,3036,105,-323,372,-25,-948,751,79,98,131,-1
32,3018,52,-297,372,-25,-946,720,92,83,139,3
32,3018,96,-315,371,-26,-949,741,78,91,131,2
32,3132,87,-288,370,-26,-944,742,90,83,128,4
32,3036,78,-297,372,-26,-942,735,85,79,131,6
32,2992,113,-315,371,-26,-943,749,81,90,133,-1
32,3071,148,-280,372,-26,-950,737,97,93,130,1
32,3080,210,-288,369,-26,-948,747,79,85,135,0
32,3071,140,-323,372,-25,-950,742,77,88,134,4
32,3062,105,-332,371,-25,-950,727,86,78,140,7
32,3080,113,-323,371,-25,-949,741,84,84,136,4
32,3106,105,-306,373,-25,-945,739,97,85,138,7
32,3150,140,-315,372,-26,-946,742,84,83,133,6
32,3053,70,-288,371,-25,-949,735,90,84,133,4
32,3045,131,-323,372,-25,-944,719,93,70,130,3
32,3088,113,-341,372,-25,-944,750,80,70,124,1
32,3045,105,-323,371,-24,-950,742,90,86,127,3
32,3080,113,-323,371,-25,-950,729,79,90,127,2
32,3053,105,-323,371,-26,-948,742,91,91,132,3
32,3097,96,-280,372,-25,-945,727,102,74,137,8
32,3080,96,-332,372,-25,-950,748,90,77,130,-1
32,3132,140,-323,372,-25,-951,737,94,96,125,2
32,3115,78,-306,372,-26,-941,773,77,95,130,0
32,3071,87,-288,373,-26,-942,737,87,84,133,8
32,3097,96,-306,371,-26,-952,744,74,87,127,-1
32,3088,122,-323,372,-25,-949,747,85,91,137,4
32,3071,131,-323,372,-25,-945,741,89,73,136,3
32,3080,87,-315,370,-25,-949,772,83,81,135,4
32,3045,122,-323,372,-25,-953,748,88,73,137,3
32,3036,105,-297,372,-25,-950,718,97,82,137,5
32,3036,35,-315,372,-25,-945,746,92,84,132,0
32,3036,105,-315,372,-25,-949,736,94,88,138,-1
32,3080,61,-297,371,-25,-951,742,81,88,143,-1
32,3115,122,-288,372,-25,-946,744,83,84,132,-1
32,3132,166,-271,371,-25,-945,722,101,72,138,8
32,3088,166,-315,372,-25,-949,753,91,95,135,6
32,3027,122,-323,372,-24,-948,742,92,79,132,6
32,3062,140,-306,371,-24,-945,730,91,75,133,6
32,3141,140,-315,373,-25,-949,740,103,84,134,-1
32,3036,166,-341,371,-25,-951,727,97,89,132,6
32,3080,201,-323,373,-25,-948,751,85,82,134,3
32,3088,105,-306,372,-25,-944,736,98,88,128,4
32,3001,157,-297,373,-25,-947,729,89,89,131,-1
32,3106,157,-323,373,-25,-950,749,78,76,136,8
32,3167,175,-315,371,-24,-944,728,101,87,129,3
32,3080,157,-297,371,-25,-943,742,80,80,136,7
32,3097,183,-262,373,-25,-944,753,78,90,133,-1
32,3080,166,-280,372,-25,-949,726,89,86,136,5
32,3045,113,-280,371,-26,-946,747,77,91,131,5
32,3080,210,-280,371,-25,-944,723,97,92,141,6
32,3001,201,-280,371,-24,-950,743,87,88,134,3
32,3036,210,-306,371,-26,-950,736,99,83,136,7
32,3071,166,-315,372,-24,-946,724,92,97,134,-1
32,3141,236,-306,372,-25,-947,744,88,85,140,0
32,3071,201,-271,371,-25,-948,713,95,72,135,0
32,3080,192,-297,373,-25,-944,748,81,85,135,6
32,3132,175,-288,374,-25,-945,737,93,82,130,-1
32,3132,227,-306,373,-25,-946,743,91,99,137,3
32,3123,166,-297,373,-24,-947,739,95,82,139,4
32,3115,175,-315,373,-25,-945,739,93,82,131,-1
32,3150,227,-288,374,-26,-945,749,82,87,138,4
32,3141,175,-306,374,-25,-950,718,91,77,134,1
32,3123,166,-315,372,-24,-950,740,80,83,131,7
32,3158,183,-297,371,-24,-949,763,77,88,128,4
32,3132,192,-288,373,-25,-944,739,78,87,141,-1
32,3141,183,-280,372,-24,-947,753,78,96,136,0
32,3115,175,-306,371,-24,-950,735,84,93,135,8
32,3036,192,-253,372,-25,-942,744,85,94,134,7
32,3097,157,-280,372,-24,-942,761,89,71,136,1
32,3167,148,-253,373,-25,-943,737,91,84,131,4
32,3106,175,-262,373,-25,-948,748,74,94,140,6
32,3062,122,-306,372,-25,-947,740,83,91,127,0
32,3115,166,-288,372,-25,-942,741,99,96,130,2
32,3071,148,-323,372,-25,-950,746,87,81,140,2
32,3158,218,-315,372,-25,-951,742,93,90,141,-1
32,3123,140,-306,373,-25,-951,746,82,86,142,3
32,3167,166,-315,372,-26,-945,742,90,92,127,1
32,3150,192,-280,372,-25,-947,760,76,99,133,1
32,3123,166,-306,373,-24,-950,744,88,84,138,7
32,3088,157,-271,372,-24,-945,749,84,84,139,-1
32,3018,201,-306,371,-25,-945,747,91,92,137,3
32,3115,131,-288,373,-25,-944,739,91,80,128,-1
32,3123,210,-288,372,-24,-948,761,78,78,138,3
32,3106,192,-280,372,-24,-946,736,88,80,135,-1
32,3176,262,-306,373,-25,-945,718,98,88,137,3
32,3167,218,-253,373,-25,-948,748,90,92,137,-1
32,3123,148,-280,373,-25,-949,733,95,85,138,8
32,3141,183,-271,373,-25,-949,743,95,89,137,6
32,3123,122,-297,373,-24,-944,737,94,89,136,4
32,3132,87,-315,374,-25,-944,716,97,83,139,5
32,3167,245,-315,373,-25,-946,746,76,83,133,6
32,3158,218,-341,370,-24,-946,736,98,86,137,-1
32,3106,183,-297,371,-25,-945,740,89,83,128,-1
32,3167,175,-280,373,-25,-943,751,77,99,139,8
32,3115,175,-297,373,-24,-950,729,87,88,128,-1
32,3158,183,-297,372,-25,-950,747,77,88,128,4
32,3141,236,-288,372,-26,-949,716,95,85,130,2
32,3141,148,-323,372,-25,-947,739,79,96,128,4
32,3185,148,-280,372,-24,-948,738,88,90,137,6
32,3220,175,-306,371,-25,-949,741,83,100,140,7
32,3220,236,-280,374,-25,-943,744,85,82,131,1
32,3123,157,-280,373,-25,-945,721,96,88,136,8
32,3202,201,-306,373,-24,-950,743,95,86,132,5
32,3185,175,-297,372,-25,-941,745,81,88,132,3
32,3185,201,-306,372,-25,-940,767,83,92,138,2
32,3132,122,-315,373,-25,-943,737,87,88,127,6
32,3123,148,-315,372,-24,-950,745,78,95,130,-1
32,3088,175,-280,372,-25,-947,738,88,96,138,0
32,3097,122,-315,372,-25,-947,742,89,83,128,7
32,3185,245,-280,373,-25,-946,751,69,98,135,5
32,3132,192,-288,373,-24,-944,740,82,96,133,8
32,3106,210,-288,374,-24,-948,744,88,103,136,5
32,3167,166,-306,371,-25,-945,724,96,86,135,3
32,3220,192,-280,373,-25,-950,748,91,88,133,2
32,3220,175,-262,374,-24,-943,746,81,96,126,-1
32,3211,245,-280,372,-25,-949,744,88,89,138,-1
32,3158,192,-253,373,-25,-944,767,72,93,131,-1
32,3220,218,-271,372,-25,-951,740,85,89,127,4
32,3158,262,-271,373,-25,-952,741,85,90,130,5
32,3167,201,-297,372,-25,-944,763,76,91,141,6
32,3176,201,-288,371,-25,-945,736,79,89,127,3
32,3167,236,-288,372,-25,-945,761,76,90,138,5
32,3167,227,-253,372,-25,-948,743,86,101,138,5
32,3237,227,-271,372,-25,-947,746,80,94,133,3
32,3220,236,-262,374,-25,-945,730,87,84,137,7
32,3167,227,-288,373,-25,-948,747,86,77,131,3
32,3123,192,-262,373,-25,-950,763,75,98,135,7
32,3176,218,-288,371,-24,-944,737,84,93,135,6
32,3202,288,-315,373,-25,-950,737,79,87,138,7
32,3185,201,-280,373,-24,-950,715,94,97,139,0
32,3176,166,-271,373,-25,-945,747,85,96,135,4
32,3141,236,-262,372,-25,-945,737,101,81,130,-1
32,3167,210,-262,372,-24,-946,735,88,92,136,4
32,3167,227,-288,372,-24,-947,748,96,82,131,2
32,3150,227,-271,373,-25,-946,730,98,87,132,8
32,3211,210,-288,373,-24,-944,738,89,84,133,-1
32,3211,236,-280,373,-25,-951,732,97,85,131,-1
32,3123,253,-280,372,-26,-951,742,88,91,130,5
32,3193,236,-288,372,-25,-951,745,78,94,141,0
32,3211,218,-306,374,-25,-942,720,90,94,129,7
32,3202,201,-271,371,-25,-943,742,80,88,132,4
32,3123,236,-262,372,-25,-944,765,83,88,128,4
32,3123,166,-271,373,-24,-949,746,92,81,128,6
32,3158,227,-288,371,-25,-948,745,83,96,133,3
32,3211,253,-262,372,-24,-944,739,98,96,127,-1
32,3255,192,-280,372,-24,-950,744,88,88,125,7
32,3176,210,-262,373,-25,-952,765,79,91,130,-1
32,3228,236,-227,373,-25,-943,736,84,91,127,-1
32,3220,210,-288,373,-24,-944,744,75,78,131,4
32,3176,227,-306,373,-26,-944,742,93,80,133,2
32,3132,253,-271,372,-25,-950,744,83,88,130,-1
32,3071,236,-315,373,-24,-947,761,81,91,136,1
32,3211,245,-297,374,-25,-947,748,80,92,127,10
32,3255,236,-253,373,-25,-947,758,87,98,132,6
32,3246,253,-271,371,-24,-949,741,90,80,130,0
32,3167,288,-262,371,-24,-951,750,77,78,135,0
32,3115,218,-315,372,-24,-945,718,100,95,141,-1
32,3167,262,-288,372,-25,-944,736,87,79,131,-1
32,3115,306,-297,372,-26,-943,767,82,85,130,2
32,3202,332,-306,373,-25,-950,735,80,81,138,-1
32,3246,297,-227,373,-25,-950,746,76,91,130,5
32,3263,288,-245,374,-25,-947,735,89,86,126,-1
32,3193,245,-253,373,-24,-947,742,81,92,124,-1
32,3185,236,-271,372,-23,-948,767,82,79,129,0
32,3167,227,-297,373,-24,-949,735,94,91,138,-1
32,3193,280,-315,373,-25,-945,742,82,97,136,4
32,3141,218,-236,371,-26,-944,747,88,89,142,-1
32,3158,218,-271,372,-25,-946,732,91,96,124,-1
32,3185,245,-262,371,-24,-949,756,78,92,128,7
32,3176,271,-271,373,-25,-948,727,92,81,129,4
